13.0.11    10    111    1    (363, 182)        1.1401754251
13.0.11    10    111    2    (346, 163)        0.22360679775
13.0.12    10    112    1    (362, 184)    South    1.17046999107
13.0.12    10    112    2    (353, 165)        0.721110255093
13.0.12    10    113    1    (361, 186)    South    1.17046999107
13.0.12    10    113    2    (352, 166)        0.707106781187
13.0.12    10    114    1    (358, 185)        1.06301458127
13.0.12    10    114    2    (351, 166)        0.640312423743
13.0.12    10    115    1    (357, 183)        0.948683298051
13.0.12    10    115    2    (351, 172)        1.11803398875
13.0.12    10    116    1    (353, 183)        1.00498756211
13.0.12    10    116    2    (349, 173)        1.04403065089
13.0.12    10    117    1    (348, 187)    West    1.43178210633
13.0.12    10    117    2    (354, 175)        1.00498756211
13.0.12    10    118    1    (344, 189)    West    1.72626765016
13.0.12    10    118    2    (352, 176)        1.0
13.0.12    10    119    1    (339, 194)    West    2.10237960416
13.0.12    10    119    2    (351, 176)        1.0
13.0.12    10    120    1    (335, 196)    South-West    2.55538646784
13.0.12    10    120    2    (348, 178)        0.67082039325
13.0.13    10    121    1    (333, 199)    South-West    2.56124969497
13.0.13    10    121    2    (350, 180)        0.707106781187
13.0.13    10    122    1    (331, 199)    South-West    2.08086520467
13.0.13    10    122    2    (351, 185)        1.04403065089
13.0.13    10    123    1    (331, 202)    South-West    1.83847763109
13.0.13    10    123    2    (351, 186)        1.00498756211
13.0.13    10    124    1    (328, 205)    South-West    1.55563491861
13.0.13    10    124    2    (349, 187)    South    1.11803398875
13.0.13    10    125    1    (324, 207)    South-West    1.55563491861
13.0.13    10    125    2    (349, 188)        1.00498756211
13.0.13    10    126    1    (328, 212)    South    1.39283882772
13.0.13    10    126    2    (348, 188)        0.824621125124
13.0.13    10    127    1    (326, 213)    South    1.48660687473
13.0.13    10    127    2    (348, 187)        0.360555127546
13.0.13    10    128    1    (326, 213)    South    1.20830459736
13.0.13    10    128    2    (349, 186)        0.2
13.0.13    10    129    1    (327, 213)        0.80622577483
13.0.13    10    129    2    (352, 191)        0.5
13.0.14    10    130    1    (328, 214)        0.80622577483
13.0.14    10    130    2    (351, 191)        0.360555127546
13.0.14    10    131    1    (330, 214)        0.282842712475
13.0.14    10    131    2    (348, 188)        0.0
13.0.14    10    132    1    (330, 215)        0.4472135955
13.0.14    10    132    2    (346, 191)        0.4472135955
13.0.14    10    133    1    (329, 215)        0.360555127546
13.0.14    10    133    2    (345, 191)        0.640312423743
13.0.14    10    134    1    (327, 196)    North    1.7
13.0.14    10    134    2    (345, 190)        0.707106781187
13.0.14    10    135    1    (317, 187)    North-West    2.91547594742
13.0.14    10    135    2    (341, 188)        1.04403065089
13.0.14    10    136    1    (312, 182)    North-West    3.67151195014
13.0.14    10    136    2    (340, 189)        0.80622577483
13.0.14    10    137    1    (311, 187)    North-West    3.38378486314
13.0.14    10    137    2    (333, 188)    West    1.33416640641
13.0.14    10    138    1    (309, 192)    North-West    3.04795013083
13.0.14    10    138    2    (332, 191)    West    1.3
13.0.15    10    139    1    (306, 197)    West    2.10237960416
13.0.15    10    139    2    (324, 192)    West    2.10950231097
13.0.15    10    140    1    (301, 201)    South-West    2.12602916255
13.0.15    10    140    2    (317, 194)    West    2.47386337537
13.0.15    10    141    1    (300, 193)    South-West    1.62788205961
13.0.15    10    141    2    (316, 194)    West    2.45153013443
13.0.15    10    142    1    (298, 194)    West    1.47648230602
13.0.15    10    142    2    (315, 194)    West    1.8973665961
13.0.15    10    143    1    (295, 196)    West    1.45602197786
13.0.15    10    143    2    (314, 194)    West    1.82482875909
13.0.15    10    144    1    (292, 197)    West    1.4
13.0.15    10    144    2    (308, 187)    West    1.67630546142
13.0.15    10    145    1    (285, 200)    West    1.60312195419
13.0.15    10    145    2    (302, 183)    North-West    1.86010752377
13.0.15    10    146    1    (276, 203)    West    2.6
13.0.15    10    146    2    (302, 183)    North-West    1.78044938148
13.0.16    10    147    1    (267, 203)    West    3.22800247831
13.0.16    10    147    2    (301, 183)    North-West    1.78044938148
13.0.16    10    148    1    (269, 206)    West    2.78567765544
13.0.16    10    148    2    (299, 176)    North-West    2.34307490277
13.0.16    10    149    1    (268, 207)    West    2.6
13.0.16    10    149    2    (298, 177)        1.41421356237
13.0.16    10    150    1    (265, 209)    West    2.19317121995
13.0.16    10    150    2    (298, 176)        0.80622577483
13.0.16    10    151    1    (265, 209)    West    1.25299640861
13.0.16    10    151    2    (298, 176)        0.80622577483
13.0.16    10    152    1    (261, 213)        1.16619037897
13.0.16    10    152    2    (298, 176)        0.761577310586
13.0.16    10    153    1    (261, 214)        1.1313708499
13.0.16    10    153    2    (298, 176)        0.1
13.0.16    10    154    1    (260, 215)        1.1313708499
13.0.16    10    154    2    (298, 176)        0.1
13.0.16    10    155    1    (258, 215)        0.921954445729
13.0.16    10    155    2    (299, 176)        0.1
13.0.16    10    156    1    (254, 214)    West    1.20830459736
13.0.16    10    156    2    (298, 176)        0.0
13.0.17    10    157    1    (250, 214)    West    1.10453610172
13.0.17    10    157    2    (299, 176)        0.1
13.0.17    10    158    1    (245, 213)    West    1.60312195419
13.0.17    10    158    2    (299, 176)        0.1
13.0.17    10    159    1    (238, 210)    West    2.25610283454
13.0.17    10    159    2    (299, 176)        0.1
13.0.17    10    160    1    (236, 209)    West    2.2803508502
13.0.17    10    160    2    (298, 176)        0.1
13.0.17    10    161    1    (232, 207)    West    2.30867927612
13.0.17    10    161    2    (299, 176)        0.1
13.0.17    10    162    1    (229, 206)    West    2.24722050542
13.0.17    10    162    2    (299, 176)        0.0
13.0.17    10    163    1    (225, 206)    West    2.11896201004
13.0.17    10    164    1    (221, 205)    West    1.77200451467
13.0.17    10    165    1    (215, 203)    West    2.18403296678
13.0.18    10    166    1    (208, 204)    West    2.41867732449
13.0.18    10    167    1    (201, 201)    West    2.84429253067
13.0.18    10    168    1    (196, 200)    West    2.96141857899
13.0.18    10    169    1    (185, 189)    North-West    3.93954312072
13.0.18    10    170    1    (177, 182)    North-West    4.34165866922
13.0.18    10    171    1    (175, 181)    North-West    4.02243707222
13.0.18    10    172    1    (174, 180)    North-West    3.4205262753
13.0.18    10    173    1    (174, 180)    North-West    2.97321374946
13.0.18    10    174    1    (168, 182)    West    1.83847763109
13.0.18    10    175    1    (169, 181)        0.80622577483
13.0.18    10    176    1    (170, 180)        0.509901951359
13.0.19    10    177    1    (169, 180)        0.5
13.0.19    10    178    1    (165, 182)        0.921954445729
13.0.19    10    179    1    (166, 183)        0.22360679775
13.0.19    10    180    1    (168, 183)        0.22360679775
13.0.19    10    181    1    (166, 190)        1.07703296143
13.0.19    10    182    1    (171, 190)        1.01980390272
13.0.19    10    183    1    (179, 187)    East    1.48660687473
13.0.19    10    184    1    (184, 183)    East    1.8
13.0.19    10    185    1    (178, 192)        1.34536240471
13.0.19    10    186    1    (178, 193)    East    1.23693168769
13.0.19    10    187    1    (178, 192)        0.728010988928
13.0.20    10    188    1    (179, 192)        0.5
13.0.20    10    189    1    (179, 191)        0.943398113206
13.0.20    10    190    1    (190, 207)    South-East    1.92093727123
13.0.20    10    191    1    (190, 207)    South-East    1.84390889146
13.0.20    10    191    2    (256, 169)        0
13.0.20    10    192    1    (190, 207)    South-East    1.92093727123
13.0.20    10    192    2    (260, 168)        0
13.0.20    10    193    1    (190, 207)    South-East    1.86010752377
13.0.20    10    193    2    (266, 168)        0
13.0.20    10    194    1    (190, 207)    South-East    1.94164878389
13.0.20    10    194    2    (262, 167)        0
13.0.20    10    195    1    (190, 207)        0.0
13.0.20    10    195    2    (268, 167)        0
13.0.20    10    196    1    (189, 207)        0.1
13.0.20    10    196    2    (266, 172)        0
13.0.21    10    197    1    (190, 207)        0.0
13.0.21    10    197    2    (268, 173)        0
13.0.21    10    198    1    (190, 207)        0.0
13.0.21    10    198    2    (265, 174)        0
13.0.21    10    199    1    (190, 207)        0.0
13.0.21    10    199    2    (269, 175)        0.0
13.0.21    10    200    1    (190, 208)        0.1
13.0.21    10    200    2    (278, 179)        0.98488578018
13.0.21    10    201    1    (190, 207)        0.1
13.0.21    10    201    2    (282, 180)    East    1.39283882772
13.0.21    10    201    3    (335, 166)        0
13.0.21    10    202    1    (190, 207)        0.0
13.0.21    10    202    2    (276, 179)        0.80622577483
13.0.21    10    202    3    (338, 166)        0
13.0.21    10    203    1    (190, 207)        0.0
13.0.21    10    203    2    (283, 182)    East    1.56524758425
13.0.21    10    203    3    (339, 166)        0
13.0.21    10    204    1    (190, 207)        0.0
13.0.21    10    204    2    (336, 167)        0
13.0.21    10    205    1    (291, 194)    South-East    2.90688837075
13.0.21    10    205    2    (336, 167)        0
