13.7.42    10    142    1    (291, 72)        0.22360679775
13.7.42    10    142    2    (213, 116)        0.22360679775
13.7.42    10    142    3    (50, 174)        0.2
13.7.42    10    142    4    (299, 249)        0.0
13.7.42    10    142    5    (342, 60)        0.0
13.7.42    10    142    6    (369, 157)        0
13.7.42    10    142    7    (190, 261)        0
13.7.42    10    143    1    (291, 72)        0.22360679775
13.7.42    10    143    2    (214, 116)        0.1
13.7.42    10    143    3    (51, 173)        0.0
13.7.42    10    143    4    (299, 249)        0.0
13.7.42    10    143    5    (342, 64)        0.4
13.7.42    10    143    6    (366, 154)        0
13.7.42    10    143    7    (182, 260)        0
13.7.42    10    144    1    (291, 72)        0.22360679775
13.7.42    10    144    2    (214, 115)        0.0
13.7.42    10    144    3    (50, 174)        0.141421356237
13.7.42    10    144    4    (300, 250)        0.141421356237
13.7.42    10    144    5    (340, 62)        0.282842712475
13.7.42    10    144    6    (174, 260)        0
13.7.43    10    145    1    (291, 72)        0.360555127546
13.7.43    10    145    2    (214, 116)        0.0
13.7.43    10    145    3    (51, 173)        0.0
13.7.43    10    145    4    (299, 249)        0.0
13.7.43    10    145    5    (366, 154)        0.0
13.7.43    10    145    6    (166, 260)        0
13.7.43    10    146    1    (291, 73)        0.360555127546
13.7.43    10    146    2    (50, 174)        0.1
13.7.43    10    146    3    (300, 249)        0.1
13.7.43    10    146    4    (364, 152)        0.282842712475
13.7.43    10    146    5    (164, 262)        0
13.7.43    10    146    6    (341, 62)        0
13.7.43    10    147    1    (215, 117)        0.282842712475
13.7.43    10    147    2    (50, 174)        0.0
13.7.43    10    147    3    (302, 254)        0.583095189485
13.7.43    10    147    4    (365, 153)        0.141421356237
13.7.43    10    147    5    (156, 265)        0
13.7.43    10    147    6    (341, 62)        0
13.7.43    10    148    1    (214, 117)        0.141421356237
13.7.43    10    148    2    (44, 172)        0.707106781187
13.7.43    10    148    3    (302, 255)        0.67082039325
13.7.43    10    148    4    (365, 152)        0.22360679775
13.7.43    10    148    5    (145, 265)        0
13.7.43    10    148    6    (341, 62)        0
13.7.44    10    149    1    (214, 117)        0.1
13.7.44    10    149    2    (42, 171)        0.854400374532
13.7.44    10    149    3    (303, 254)        0.5
13.7.44    10    149    4    (365, 153)        0.141421356237
13.7.44    10    149    5    (144, 263)        0.0
13.7.44    10    149    6    (342, 62)        0
13.7.44    10    150    1    (215, 117)        0.22360679775
13.7.44    10    150    2    (302, 252)        0.424264068712
13.7.44    10    150    3    (366, 153)        0.1
13.7.44    10    150    4    (343, 62)        0
13.7.44    10    151    1    (40, 167)    West    1.25299640861
13.7.44    10    151    2    (302, 253)        0.4472135955
13.7.44    10    151    3    (343, 62)        0
13.7.44    10    151    4    (199, 70)        0
13.7.44    10    151    5    (212, 142)        0
13.7.44    10    151    6    (279, 47)        0
13.7.44    10    151    7    (372, 156)        0
13.7.44    10    152    1    (40, 167)        1.22065556157
13.7.44    10    152    2    (126, 267)    West    1.84390889146
13.7.44    10    152    3    (342, 61)        0
13.7.44    10    152    4    (198, 70)        0
13.7.44    10    152    5    (212, 141)        0
13.7.44    10    152    6    (279, 47)        0
13.7.44    10    152    7    (372, 156)        0
13.7.45    10    153    1    (40, 167)        1.22065556157
13.7.45    10    153    2    (118, 266)    West    2.61725046566
13.7.45    10    153    3    (343, 61)        0
13.7.45    10    153    4    (198, 71)        0
13.7.45    10    153    5    (212, 142)        0
13.7.45    10    153    6    (280, 47)        0
13.7.45    10    153    7    (372, 156)        0
13.7.45    10    154    1    (41, 167)        0.583095189485
13.7.45    10    154    2    (111, 266)    West    3.31360830516
13.7.45    10    154    3    (342, 59)        0.0
13.7.45    10    154    4    (198, 70)        0
13.7.45    10    154    5    (211, 142)        0
13.7.45    10    154    6    (279, 47)        0
13.7.45    10    154    7    (373, 156)        0
13.7.45    10    155    1    (40, 168)        0.360555127546
13.7.45    10    155    2    (103, 265)    West    4.10487515035
13.7.45    10    155    3    (343, 58)        0.141421356237
13.7.45    10    155    4    (196, 70)        0
13.7.45    10    155    5    (208, 139)        0
13.7.45    10    155    6    (279, 47)        0
13.7.45    10    155    7    (373, 157)        0
13.7.46    10    156    1    (40, 167)        0.0
13.7.46    10    156    2    (95, 265)    West    4.9040799341
13.7.46    10    156    3    (343, 58)        0.141421356237
13.7.46    10    156    4    (196, 69)        0
13.7.46    10    156    5    (208, 138)        0
13.7.46    10    156    6    (279, 47)        0
13.7.46    10    156    7    (373, 157)        0
13.7.46    10    156    8    (90, 73)        0
13.7.46    10    156    9    (133, 69)        0
13.7.46    10    156    10    (387, 69)        0
13.7.46    10    157    1    (40, 167)        0.0
13.7.46    10    157    2    (89, 263)    West    3.72155881319
13.7.46    10    157    3    (343, 59)        0.1
13.7.46    10    157    4    (195, 68)        0
13.7.46    10    157    5    (207, 139)        0
13.7.46    10    157    6    (280, 50)        0
13.7.46    10    157    7    (369, 154)        0
13.7.46    10    157    8    (90, 73)        0
13.7.46    10    157    9    (133, 69)        0
13.7.46    10    157    10    (387, 69)        0
13.7.46    10    158    1    (39, 167)        0.1
13.7.46    10    158    2    (85, 262)    West    3.32415402772
13.7.46    10    158    3    (341, 58)        0.141421356237
13.7.46    10    158    4    (195, 66)        0
13.7.46    10    158    5    (206, 138)        0
13.7.46    10    158    6    (280, 50)        0
13.7.46    10    158    7    (369, 155)        0
13.7.46    10    158    8    (91, 73)        0
13.7.46    10    158    9    (133, 69)        0
13.7.46    10    158    10    (387, 69)        0
13.7.46    10    159    1    (39, 167)        0.2
13.7.46    10    159    2    (78, 262)    West    3.32415402772
13.7.46    10    159    3    (339, 55)        0.5
13.7.46    10    159    4    (194, 65)        0.0
13.7.46    10    159    5    (206, 139)        0.0
13.7.46    10    159    6    (280, 50)        0.0
13.7.46    10    159    7    (370, 155)        0.0
13.7.46    10    159    8    (90, 73)        0
13.7.46    10    159    9    (133, 69)        0
13.7.46    10    159    10    (387, 69)        0
13.7.47    10    160    1    (39, 167)        0.141421356237
13.7.47    10    160    2    (68, 262)    West    3.51283361405
13.7.47    10    160    3    (339, 54)        0.565685424949
13.7.47    10    160    4    (193, 64)        0.141421356237
13.7.47    10    160    5    (206, 140)        0.1
13.7.47    10    160    6    (280, 49)        0.1
13.7.47    10    160    7    (370, 154)        0.1
13.7.47    10    160    8    (90, 73)        0
13.7.47    10    160    9    (133, 69)        0
13.7.47    10    160    10    (387, 69)        0
13.7.47    10    161    1    (39, 167)        0.1
13.7.47    10    161    2    (60, 264)    West    3.50142828
13.7.47    10    161    3    (339, 54)        0.565685424949
13.7.47    10    161    4    (192, 67)        0.282842712475
13.7.47    10    161    5    (205, 139)        0.1
13.7.47    10    161    6    (284, 50)        0.4
13.7.47    10    161    7    (370, 154)        0.1
13.7.47    10    161    8    (90, 73)        0
13.7.47    10    161    9    (133, 69)        0
13.7.47    10    161    10    (386, 69)        0
13.7.47    10    162    1    (40, 167)        0.0
13.7.47    10    162    2    (62, 271)    West    2.81602556807
13.7.47    10    162    3    (339, 54)        0.640312423743
13.7.47    10    162    4    (193, 66)        0.141421356237
13.7.47    10    162    5    (205, 139)        0.1
13.7.47    10    162    6    (285, 54)        0.640312423743
13.7.47    10    162    7    (370, 154)        0.1
13.7.47    10    162    8    (90, 73)        0
13.7.47    10    162    9    (135, 72)        0
13.7.47    10    162    10    (386, 68)        0
13.7.48    10    163    1    (39, 167)        0.0
13.7.48    10    163    2    (58, 271)    West    2.84604989415
13.7.48    10    163    3    (339, 55)        0.360555127546
13.7.48    10    163    4    (193, 69)        0.412310562562
13.7.48    10    163    5    (205, 138)        0.141421356237
13.7.48    10    163    6    (287, 53)        0.761577310586
13.7.48    10    163    7    (370, 154)        0.1
13.7.48    10    163    8    (90, 73)        0
13.7.48    10    163    9    (135, 72)        0
13.7.48    10    163    10    (384, 73)        0
13.7.48    10    164    1    (40, 167)        0.1
13.7.48    10    164    2    (339, 55)        0.0
13.7.48    10    164    3    (193, 69)        0.412310562562
13.7.48    10    164    4    (204, 139)        0.2
13.7.48    10    164    5    (289, 55)        1.0295630141
13.7.48    10    164    6    (370, 154)        0.1
13.7.48    10    164    7    (135, 72)        0.0
13.7.48    10    164    8    (382, 74)        0.0
13.7.48    10    165    1    (58, 270)    West    2.15406592285
13.7.48    10    165    2    (339, 55)        0.1
13.7.48    10    165    3    (190, 66)        0.360555127546
13.7.48    10    165    4    (204, 138)        0.282842712475
13.7.48    10    165    5    (290, 58)        1.34536240471
13.7.48    10    165    6    (90, 73)        0.0
13.7.48    10    165    7    (136, 72)        0.1
13.7.48    10    165    8    (386, 73)        0.412310562562
13.7.48    10    166    1    (57, 270)    West    1.36014705087
13.7.48    10    166    2    (339, 55)        0.1
13.7.48    10    166    3    (190, 65)        0.282842712475
13.7.48    10    166    4    (205, 141)        0.2
13.7.48    10    166    5    (291, 58)        1.06301458127
13.7.48    10    166    6    (90, 73)        0.0
13.7.48    10    166    7    (135, 72)        0.0
13.7.48    10    166    8    (380, 65)        0.921954445729
13.7.49    10    167    1    (57, 270)        0.67082039325
13.7.49    10    167    2    (338, 54)        0.1
13.7.49    10    167    3    (190, 65)        0.316227766017
13.7.49    10    167    4    (205, 140)        0.1
13.7.49    10    167    5    (292, 59)        0.860232526704
13.7.49    10    167    6    (90, 73)        0.0
13.7.49    10    167    7    (136, 76)        0.412310562562
13.7.49    10    167    8    (377, 61)    North    1.39283882772
13.7.49    10    168    1    (57, 269)        0.538516480713
13.7.49    10    168    2    (338, 54)        0.141421356237
13.7.49    10    168    3    (189, 64)        0.640312423743
13.7.49    10    168    4    (205, 140)        0.2
13.7.49    10    168    5    (293, 59)        0.848528137424
13.7.49    10    168    6    (91, 73)        0.1
13.7.49    10    168    7    (139, 75)        0.5
13.7.49    10    168    8    (374, 59)    North    1.7
13.7.49    10    169    1    (58, 268)        0.3
13.7.49    10    169    2    (338, 55)        0.1
13.7.49    10    169    3    (189, 64)        0.640312423743
13.7.49    10    169    4    (204, 139)        0.0
13.7.49    10    169    5    (90, 73)        0.0
13.7.49    10    169    6    (139, 75)        0.5
13.7.49    10    169    7    (375, 58)    North    1.74642491966
13.7.49    10    170    1    (58, 269)        0.1
13.7.49    10    170    2    (338, 55)        0.1
13.7.49    10    170    3    (188, 63)        0.360555127546
13.7.49    10    170    4    (295, 60)        0.781024967591
13.7.49    10    170    5    (90, 73)        0.0
13.7.49    10    170    6    (376, 58)    North    1.80277563773
13.7.49    10    171    1    (58, 268)        0.22360679775
13.7.49    10    171    2    (337, 54)        0.22360679775
13.7.49    10    171    3    (190, 63)        0.2
13.7.49    10    171    4    (295, 60)        0.538516480713
13.7.49    10    171    5    (139, 75)        0.424264068712
13.7.49    10    171    6    (376, 58)        0.80622577483
13.7.49    10    171    7    (243, 126)        0
13.7.49    10    171    8    (88, 73)        0
13.7.49    10    171    9    (183, 163)        0
13.7.49    10    171    10    (374, 134)        0
13.7.50    10    172    1    (58, 269)        0.141421356237
13.7.50    10    172    2    (339, 54)        0.1
13.7.50    10    172    3    (295, 60)        0.4472135955
13.7.50    10    172    4    (139, 74)        0.4472135955
13.7.50    10    172    5    (379, 70)        0.921954445729
13.7.50    10    172    6    (243, 126)        0
13.7.50    10    172    7    (88, 73)        0
13.7.50    10    172    8    (182, 162)        0
13.7.50    10    172    9    (375, 133)        0
13.7.50    10    173    1    (58, 269)        0.1
13.7.50    10    173    2    (188, 62)        0.360555127546
13.7.50    10    173    3    (296, 60)        0.412310562562
13.7.50    10    173    4    (139, 75)        0.316227766017
13.7.50    10    173    5    (379, 70)    South    1.20830459736
13.7.50    10    173    6    (243, 126)        0
13.7.50    10    173    7    (88, 73)        0
13.7.50    10    173    8    (181, 162)        0
13.7.50    10    173    9    (374, 134)        0
13.7.50    10    174    1    (58, 268)        0.0
13.7.50    10    174    2    (187, 59)        0.538516480713
13.7.50    10    174    3    (296, 62)        0.424264068712
13.7.50    10    174    4    (139, 75)        0.0
13.7.50    10    174    5    (379, 70)    South    1.26491106407
13.7.50    10    174    6    (244, 126)        0
13.7.50    10    174    7    (88, 73)        0
13.7.50    10    174    8    (180, 161)        0
13.7.50    10    174    9    (374, 134)        0
13.7.50    10    175    1    (57, 269)        0.1
13.7.50    10    175    2    (185, 58)        0.721110255093
13.7.50    10    175    3    (296, 62)        0.22360679775
13.7.50    10    175    4    (139, 74)        0.1
13.7.50    10    175    5    (379, 70)    South    1.23693168769
13.7.50    10    175    6    (244, 126)        0
13.7.50    10    175    7    (88, 73)        0
13.7.50    10    175    8    (180, 161)        0
13.7.50    10    175    9    (374, 134)        0
13.7.51    10    176    1    (47, 266)    West    1.11803398875
13.7.51    10    176    2    (185, 57)        0.67082039325
13.7.51    10    176    3    (293, 59)        0.22360679775
13.7.51    10    176    4    (139, 75)        0.0
13.7.51    10    176    5    (379, 70)    South    1.23693168769
13.7.51    10    176    6    (246, 126)        0
13.7.51    10    176    7    (88, 73)        0
13.7.51    10    176    8    (180, 160)        0
13.7.51    10    176    9    (374, 134)        0
13.7.51    10    176    10    (59, 190)        0
13.7.51    10    177    1    (38, 266)    West    2.02237484162
13.7.51    10    177    2    (185, 57)        0.781024967591
13.7.51    10    177    3    (291, 55)        0.640312423743
13.7.51    10    177    4    (134, 61)    North    1.39283882772
13.7.51    10    177    5    (379, 70)        0.0
13.7.51    10    177    6    (247, 126)        0
13.7.51    10    177    7    (88, 74)        0
13.7.51    10    177    8    (179, 160)        0
13.7.51    10    177    9    (375, 133)        0
13.7.51    10    177    10    (58, 190)        0
13.7.51    10    178    1    (31, 262)    West    2.7892651362
13.7.51    10    178    2    (184, 57)        0.640312423743
13.7.51    10    178    3    (289, 52)        1.06301458127
13.7.51    10    178    4    (379, 70)        0.0
13.7.51    10    178    5    (246, 118)        0
13.7.51    10    178    6    (88, 74)        0
13.7.51    10    178    7    (179, 161)        0
13.7.51    10    178    8    (375, 133)        0
13.7.51    10    178    9    (58, 190)        0
13.7.52    10    179    1    (30, 262)    West    2.86356421266
13.7.52    10    179    2    (185, 56)        0.360555127546
13.7.52    10    179    3    (131, 53)    North    2.34093998214
13.7.52    10    179    4    (379, 70)        0.0
13.7.52    10    179    5    (246, 118)        0.0
13.7.52    10    179    6    (88, 74)        0.0
13.7.52    10    179    7    (179, 161)        0.0
13.7.52    10    179    8    (375, 134)        0.0
13.7.52    10    179    9    (58, 190)        0
