13.9.34    10    518    1    (367, 242)        0.989949493661
13.9.34    10    518    2    (275, 147)        0.22360679775
13.9.34    10    518    3    (177, 125)        0.538516480713
13.9.34    10    518    4    (252, 37)        0.7
13.9.34    10    518    5    (312, 212)        0.5
13.9.34    10    518    6    (171, 41)    North    1.36014705087
13.9.34    10    518    7    (132, 73)        0.1
13.9.34    10    518    8    (81, 127)        0
13.9.34    10    518    9    (80, 26)        0
13.9.34    10    518    10    (370, 113)        0
13.9.34    10    518    11    (307, 56)        0
13.9.34    10    518    12    (73, 59)        0
13.9.34    10    518    13    (178, 237)        0
13.9.34    10    518    14    (385, 69)        0
13.9.34    10    519    1    (367, 243)        0.848528137424
13.9.34    10    519    2    (275, 146)        0.282842712475
13.9.34    10    519    3    (176, 125)        0.3
13.9.34    10    519    4    (252, 37)        0.7
13.9.34    10    519    5    (313, 213)        0.67082039325
13.9.34    10    519    6    (171, 40)    North    1.45602197786
13.9.34    10    519    7    (132, 74)        0.141421356237
13.9.34    10    519    8    (82, 128)        0.0
13.9.34    10    519    9    (80, 25)        0.0
13.9.34    10    519    10    (370, 113)        0.0
13.9.34    10    519    11    (307, 56)        0
13.9.34    10    519    12    (72, 59)        0
13.9.34    10    519    13    (187, 222)        0
13.9.34    10    519    14    (380, 61)        0
13.9.35    10    520    1    (368, 242)        0.22360679775
13.9.35    10    520    2    (177, 124)        0.4
13.9.35    10    520    3    (252, 36)        0.6
13.9.35    10    520    4    (315, 215)        0.721110255093
13.9.35    10    520    5    (172, 41)    North    1.36014705087
13.9.35    10    520    6    (134, 74)        0.316227766017
13.9.35    10    520    7    (82, 128)        0.0
13.9.35    10    520    8    (80, 25)        0.0
13.9.35    10    520    9    (369, 101)    North    1.20415945788
13.9.35    10    520    10    (307, 56)        0
13.9.35    10    520    11    (72, 59)        0
13.9.35    10    520    12    (186, 222)        0
13.9.35    10    520    13    (379, 54)        0
13.9.35    10    521    1    (273, 142)        0.721110255093
13.9.35    10    521    2    (252, 36)        0.6
13.9.35    10    521    3    (315, 216)        0.721110255093
13.9.35    10    521    4    (173, 40)        0.905538513814
13.9.35    10    521    5    (133, 75)        0.282842712475
13.9.35    10    521    6    (81, 128)        0.1
13.9.35    10    521    7    (80, 26)        0.1
13.9.35    10    521    8    (370, 100)    North    1.3
13.9.35    10    521    9    (307, 56)        0
13.9.35    10    521    10    (73, 59)        0
13.9.35    10    521    11    (187, 222)        0
13.9.35    10    521    12    (381, 56)        0
13.9.35    10    521    13    (93, 209)        0
13.9.35    10    521    14    (33, 213)        0
13.9.36    10    522    1    (180, 122)        0.721110255093
13.9.36    10    522    2    (252, 36)        0.1
13.9.36    10    522    3    (320, 218)        1.27279220614
13.9.36    10    522    4    (172, 39)        0.316227766017
13.9.36    10    522    5    (133, 75)        0.282842712475
13.9.36    10    522    6    (81, 128)        0.1
13.9.36    10    522    7    (80, 26)        0.1
13.9.36    10    522    8    (369, 99)    North    1.40356688476
13.9.36    10    522    9    (307, 56)        0
13.9.36    10    522    10    (72, 59)        0
13.9.36    10    522    11    (187, 222)        0
13.9.36    10    522    12    (378, 53)        0
13.9.36    10    522    13    (93, 209)        0
13.9.36    10    522    14    (33, 213)        0
13.9.36    10    523    1    (180, 123)        0.5
13.9.36    10    523    2    (250, 29)        0.824621125124
13.9.36    10    523    3    (171, 40)        0.1
13.9.36    10    523    4    (132, 74)        0.1
13.9.36    10    523    5    (83, 132)        0.412310562562
13.9.36    10    523    6    (80, 26)        0.1
13.9.36    10    523    7    (369, 98)    North    1.50332963784
13.9.36    10    523    8    (312, 59)        0
13.9.36    10    523    9    (72, 60)        0
13.9.36    10    523    10    (187, 221)        0
13.9.36    10    523    11    (376, 50)        0
13.9.36    10    523    12    (93, 208)        0
13.9.36    10    523    13    (33, 214)        0
13.9.36    10    524    1    (177, 111)    North    1.4
13.9.36    10    524    2    (321, 217)        1.0295630141
13.9.36    10    524    3    (170, 40)        0.1
13.9.36    10    524    4    (132, 74)        0.0
13.9.36    10    524    5    (83, 132)        0.412310562562
13.9.36    10    524    6    (80, 26)        0.1
13.9.36    10    524    7    (369, 98)    North    1.50332963784
13.9.36    10    524    8    (312, 59)        0.0
13.9.36    10    524    9    (67, 55)        0.0
13.9.36    10    524    10    (183, 215)        0.0
13.9.36    10    524    11    (376, 50)        0.0
13.9.36    10    524    12    (93, 209)        0
13.9.36    10    524    13    (33, 214)        0
13.9.37    10    525    1    (177, 110)    North    1.50332963784
13.9.37    10    525    2    (321, 217)        0.894427191
13.9.37    10    525    3    (171, 40)        0.141421356237
13.9.37    10    525    4    (132, 74)        0.2
13.9.37    10    525    5    (82, 132)        0.4
13.9.37    10    525    6    (80, 26)        0.1
13.9.37    10    525    7    (369, 98)        0.3
13.9.37    10    525    8    (312, 64)        0.5
13.9.37    10    525    9    (66, 55)        0.1
13.9.37    10    525    10    (183, 216)        0.1
13.9.37    10    525    11    (376, 51)        0.1
13.9.37    10    525    12    (100, 214)        0
13.9.37    10    525    13    (33, 213)        0
13.9.37    10    526    1    (178, 111)    North    1.30384048104
13.9.37    10    526    2    (326, 219)    East    1.17046999107
13.9.37    10    526    3    (169, 40)        0.4
13.9.37    10    526    4    (133, 74)        0.1
13.9.37    10    526    5    (82, 137)        0.905538513814
13.9.37    10    526    6    (80, 26)        0.0
13.9.37    10    526    7    (369, 98)        0.22360679775
13.9.37    10    526    8    (312, 64)        0.5
13.9.37    10    526    9    (60, 54)        0.707106781187
13.9.37    10    526    10    (184, 216)        0.141421356237
13.9.37    10    526    11    (377, 50)        0.1
13.9.37    10    526    12    (100, 215)        0
13.9.37    10    526    13    (30, 203)        0
13.9.37    10    526    14    (281, 154)        0
13.9.37    10    526    15    (268, 50)        0
13.9.37    10    527    1    (175, 112)        1.11803398875
13.9.37    10    527    2    (327, 219)    East    1.23693168769
13.9.37    10    527    3    (169, 40)        0.316227766017
13.9.37    10    527    4    (133, 73)        0.2
13.9.37    10    527    5    (87, 137)        1.08166538264
13.9.37    10    527    6    (80, 26)        0.0
13.9.37    10    527    7    (369, 98)        0.1
13.9.37    10    527    8    (312, 64)        0.5
13.9.37    10    527    9    (60, 53)        0.728010988928
13.9.37    10    527    10    (185, 215)        0.2
13.9.37    10    527    11    (376, 50)        0.0
13.9.37    10    527    12    (100, 214)        0
13.9.37    10    527    13    (30, 186)        0
13.9.37    10    527    14    (282, 154)        0
13.9.37    10    527    15    (268, 49)        0
13.9.38    10    528    1    (174, 111)    North    1.3416407865
13.9.38    10    528    2    (327, 220)        0.728010988928
13.9.38    10    528    3    (168, 40)        0.3
13.9.38    10    528    4    (132, 74)        0.0
13.9.38    10    528    5    (87, 137)        0.640312423743
13.9.38    10    528    6    (80, 26)        0.0
13.9.38    10    528    7    (369, 98)        0.0
13.9.38    10    528    8    (312, 64)        0.5
13.9.38    10    528    9    (58, 54)        0.905538513814
13.9.38    10    528    10    (185, 215)        0.2
13.9.38    10    528    11    (376, 50)        0.0
13.9.38    10    528    12    (100, 213)        0
13.9.38    10    528    13    (30, 187)        0
13.9.38    10    528    14    (284, 154)        0
13.9.38    10    528    15    (268, 49)        0
13.9.38    10    529    1    (175, 111)        0.2
13.9.38    10    529    2    (333, 221)    East    1.26491106407
13.9.38    10    529    3    (168, 39)        0.22360679775
13.9.38    10    529    4    (133, 74)        0.1
13.9.38    10    529    5    (80, 26)        0.0
13.9.38    10    529    6    (369, 98)        0.0
13.9.38    10    529    7    (312, 64)        0.5
13.9.38    10    529    8    (60, 59)        0.80622577483
13.9.38    10    529    9    (185, 215)        0.2
13.9.38    10    529    10    (376, 50)        0.0
13.9.38    10    529    11    (100, 214)        0.0
13.9.38    10    529    12    (30, 187)        0.0
13.9.38    10    529    13    (283, 160)        0
13.9.38    10    529    14    (268, 49)        0
13.9.38    10    530    1    (175, 111)        0.22360679775
13.9.38    10    530    2    (333, 222)    East    1.3
13.9.38    10    530    3    (169, 41)        0.22360679775
13.9.38    10    530    4    (87, 137)        0.640312423743
13.9.38    10    530    5    (80, 29)        0.3
13.9.38    10    530    6    (369, 97)        0.1
13.9.38    10    530    7    (310, 60)        0.4472135955
13.9.38    10    530    8    (58, 59)        0.894427191
13.9.38    10    530    9    (185, 215)        0.22360679775
13.9.38    10    530    10    (377, 50)        0.141421356237
13.9.38    10    530    11    (101, 213)        0.141421356237
13.9.38    10    530    12    (31, 187)        0.1
13.9.38    10    530    13    (282, 168)        0
13.9.38    10    530    14    (267, 39)        0
13.9.39    10    531    1    (174, 112)        0.412310562562
13.9.39    10    531    2    (335, 223)        0.98488578018
13.9.39    10    531    3    (170, 40)        0.1
13.9.39    10    531    4    (80, 28)        0.2
13.9.39    10    531    5    (310, 60)        0.4472135955
13.9.39    10    531    6    (57, 59)        0.583095189485
13.9.39    10    531    7    (185, 214)        0.22360679775
13.9.39    10    531    8    (376, 50)        0.1
13.9.39    10    531    9    (101, 214)        0.1
13.9.39    10    531    10    (33, 188)        0.316227766017
13.9.39    10    531    11    (278, 172)        0
13.9.39    10    531    12    (265, 24)        0
13.9.39    10    531    13    (216, 42)        0
13.9.39    10    531    14    (374, 154)        0
13.9.39    10    532    1    (174, 111)        0.141421356237
13.9.39    10    532    2    (336, 223)        0.98488578018
13.9.39    10    532    3    (90, 141)        1.20415945788
13.9.39    10    532    4    (369, 97)        0.1
13.9.39    10    532    5    (310, 60)        0.4472135955
13.9.39    10    532    6    (57, 60)        0.761577310586
13.9.39    10    532    7    (184, 214)        0.141421356237
13.9.39    10    532    8    (376, 50)        0.0
13.9.39    10    532    9    (102, 213)        0.22360679775
13.9.39    10    532    10    (33, 189)        0.360555127546
13.9.39    10    532    11    (276, 172)        0
13.9.39    10    532    12    (265, 23)        0
13.9.39    10    532    13    (216, 42)        0
13.9.39    10    532    14    (374, 154)        0
13.9.40    10    533    1    (175, 112)        0.141421356237
13.9.40    10    533    2    (336, 224)        0.98488578018
13.9.40    10    533    3    (86, 137)        0.4
13.9.40    10    533    4    (369, 98)        0.0
13.9.40    10    533    5    (311, 63)        0.141421356237
13.9.40    10    533    6    (55, 60)        0.67082039325
13.9.40    10    533    7    (185, 214)        0.1
13.9.40    10    533    8    (376, 50)        0.0
13.9.40    10    533    9    (102, 209)        0.538516480713
13.9.40    10    533    10    (33, 189)        0.360555127546
13.9.40    10    533    11    (277, 173)        0
13.9.40    10    533    12    (263, 17)        0
13.9.40    10    533    13    (216, 43)        0
13.9.40    10    533    14    (375, 154)        0
13.9.40    10    534    1    (175, 111)        0.0
13.9.40    10    534    2    (337, 223)        0.4472135955
13.9.40    10    534    3    (85, 138)        0.22360679775
13.9.40    10    534    4    (369, 98)        0.0
13.9.40    10    534    5    (311, 63)        0.141421356237
13.9.40    10    534    6    (54, 60)        0.60827625303
13.9.40    10    534    7    (184, 214)        0.141421356237
13.9.40    10    534    8    (376, 50)        0.0
13.9.40    10    534    9    (103, 208)        0.67082039325
13.9.40    10    534    10    (33, 189)        0.360555127546
13.9.40    10    534    11    (277, 172)        0.0
13.9.40    10    534    12    (263, 16)        0.0
13.9.40    10    534    13    (216, 43)        0
13.9.40    10    534    14    (375, 153)        0
13.9.40    10    535    1    (175, 112)        0.1
13.9.40    10    535    2    (336, 219)        0.424264068712
13.9.40    10    535    3    (85, 137)        0.2
13.9.40    10    535    4    (370, 98)        0.1
13.9.40    10    535    5    (52, 60)        0.60827625303
13.9.40    10    535    6    (185, 214)        0.1
13.9.40    10    535    7    (376, 50)        0.1
13.9.40    10    535    8    (104, 209)        0.5
13.9.40    10    535    9    (34, 190)        0.424264068712
13.9.40    10    535    10    (277, 173)        0.1
13.9.40    10    535    11    (261, 13)        0.360555127546
13.9.40    10    535    12    (215, 43)        0
13.9.40    10    535    13    (375, 154)        0
13.9.41    10    536    1    (175, 112)        0.1
13.9.41    10    536    2    (336, 220)        0.316227766017
13.9.41    10    536    3    (85, 137)        0.2
13.9.41    10    536    4    (311, 63)        0.316227766017
13.9.41    10    536    5    (52, 60)        0.509901951359
13.9.41    10    536    6    (185, 214)        0.0
13.9.41    10    536    7    (378, 55)        0.538516480713
13.9.41    10    536    8    (34, 190)        0.22360679775
13.9.41    10    536    9    (278, 172)        0.1
13.9.41    10    536    10    (261, 13)        0.360555127546
13.9.41    10    536    11    (215, 43)        0
13.9.41    10    536    12    (378, 166)        0
13.9.41    10    536    13    (218, 116)        0
13.9.41    10    536    14    (79, 21)        0
13.9.41    10    536    15    (138, 42)        0
13.9.41    10    537    1    (175, 112)        0.141421356237
13.9.41    10    537    2    (337, 220)        0.316227766017
13.9.41    10    537    3    (84, 137)        0.721110255093
13.9.41    10    537    4    (311, 63)        0.316227766017
13.9.41    10    537    5    (55, 59)        0.22360679775
13.9.41    10    537    6    (185, 214)        0.1
13.9.41    10    537    7    (114, 227)    South-East    1.83847763109
13.9.41    10    537    8    (33, 189)        0.0
13.9.41    10    537    9    (278, 172)        0.1
13.9.41    10    537    10    (261, 12)        0.4472135955
13.9.41    10    537    11    (215, 43)        0
13.9.41    10    537    12    (378, 165)        0
13.9.41    10    537    13    (218, 116)        0
13.9.41    10    537    14    (79, 21)        0
13.9.41    10    537    15    (138, 42)        0
13.9.41    10    538    1    (175, 112)        0.0
13.9.41    10    538    2    (85, 136)        0.141421356237
13.9.41    10    538    3    (311, 63)        0.316227766017
13.9.41    10    538    4    (185, 214)        0.0
13.9.41    10    538    5    (33, 190)        0.1
13.9.41    10    538    6    (278, 172)        0.1
13.9.41    10    538    7    (261, 12)        0.4472135955
13.9.41    10    538    8    (215, 44)        0
13.9.41    10    538    9    (372, 166)        0
13.9.41    10    538    10    (218, 115)        0
13.9.41    10    538    11    (79, 21)        0
13.9.41    10    538    12    (137, 42)        0
13.9.42    10    539    1    (339, 220)        0.5
13.9.42    10    539    2    (84, 137)        0.141421356237
13.9.42    10    539    3    (57, 59)        0.22360679775
13.9.42    10    539    4    (116, 226)    South-East    1.91049731745
13.9.42    10    539    5    (32, 190)        0.141421356237
13.9.42    10    539    6    (278, 176)        0.412310562562
13.9.42    10    539    7    (258, 16)        0.5
13.9.42    10    539    8    (219, 46)        0.0
13.9.42    10    539    9    (372, 165)        0.0
13.9.42    10    539    10    (216, 106)        0
13.9.42    10    539    11    (79, 21)        0
13.9.42    10    539    12    (138, 42)        0
13.9.42    10    540    1    (338, 220)        0.316227766017
13.9.42    10    540    2    (85, 137)        0.0
13.9.42    10    540    3    (58, 59)        0.412310562562
13.9.42    10    540    4    (116, 227)    South-East    2.2803508502
13.9.42    10    540    5    (32, 190)        0.2
13.9.42    10    540    6    (279, 177)        0.4472135955
13.9.42    10    540    7    (259, 15)        0.282842712475
13.9.42    10    540    8    (218, 47)        0.141421356237
13.9.42    10    540    9    (372, 166)        0.1
13.9.42    10    540    10    (217, 106)        0
13.9.42    10    540    11    (79, 20)        0
13.9.42    10    540    12    (137, 42)        0
13.9.42    10    541    1    (339, 220)        0.316227766017
13.9.42    10    541    2    (85, 137)        0.0
13.9.42    10    541    3    (58, 58)        0.632455532034
13.9.42    10    541    4    (32, 189)        0.22360679775
13.9.42    10    541    5    (250, 31)    South-West    2.10950231097
13.9.42    10    541    6    (212, 35)    North    1.30384048104
13.9.42    10    541    7    (373, 165)        0.1
13.9.42    10    541    8    (210, 98)        0
13.9.42    10    541    9    (79, 20)        0
13.9.42    10    541    10    (138, 41)        0
13.9.42    10    541    11    (306, 54)        0
13.9.42    10    541    12    (386, 68)        0
13.9.43    10    542    1    (339, 221)        0.316227766017
13.9.43    10    542    2    (85, 137)        0.1
13.9.43    10    542    3    (279, 176)        0.412310562562
13.9.43    10    542    4    (250, 30)    South-West    2.10950231097
13.9.43    10    542    5    (212, 35)    North    1.30384048104
13.9.43    10    542    6    (373, 166)        0.141421356237
13.9.43    10    542    7    (210, 98)        0
13.9.43    10    542    8    (79, 21)        0
13.9.43    10    542    9    (137, 42)        0
13.9.43    10    542    10    (308, 54)        0
13.9.43    10    542    11    (386, 68)        0
13.9.43    10    543    1    (339, 220)        0.2
13.9.43    10    543    2    (116, 226)    South-East    2.22036033112
13.9.43    10    543    3    (279, 177)        0.509901951359
13.9.43    10    543    4    (250, 30)    South-West    2.10950231097
13.9.43    10    543    5    (213, 36)        1.16619037897
13.9.43    10    543    6    (369, 161)        0.5
13.9.43    10    543    7    (210, 97)        0
13.9.43    10    543    8    (79, 21)        0
13.9.43    10    543    9    (134, 34)        0
13.9.43    10    543    10    (308, 54)        0
13.9.43    10    543    11    (386, 67)        0
13.9.43    10    544    1    (338, 220)        0.1
13.9.43    10    544    2    (115, 226)    South-East    2.02484567313
13.9.43    10    544    3    (282, 185)    South    1.36014705087
13.9.43    10    544    4    (250, 30)    South    1.61245154966
13.9.43    10    544    5    (213, 35)    North    1.25299640861
13.9.43    10    544    6    (370, 161)        0.4472135955
13.9.43    10    544    7    (214, 103)        0.0
13.9.43    10    544    8    (79, 21)        0.0
13.9.43    10    544    9    (134, 34)        0.0
13.9.43    10    544    10    (307, 54)        0
13.9.43    10    544    11    (386, 67)        0
13.9.44    10    545    1    (338, 221)        0.1
13.9.44    10    545    2    (118, 228)        0.412310562562
13.9.44    10    545    3    (282, 185)        0.98488578018
13.9.44    10    545    4    (249, 29)    South    1.72046505341
13.9.44    10    545    5    (215, 40)        0.761577310586
13.9.44    10    545    6    (215, 103)        0.1
13.9.44    10    545    7    (79, 20)        0.1
13.9.44    10    545    8    (133, 34)        0.1
13.9.44    10    545    9    (316, 70)        0
13.9.44    10    545    10    (384, 53)        0
13.9.44    10    546    1    (338, 220)        0.1
13.9.44    10    546    2    (285, 188)    South    1.25299640861
13.9.44    10    546    3    (250, 29)        0.2
13.9.44    10    546    4    (370, 162)        0.4472135955
13.9.44    10    546    5    (214, 103)        0.0
13.9.44    10    546    6    (79, 20)        0.1
13.9.44    10    546    7    (133, 34)        0.1
13.9.44    10    546    8    (315, 70)        0
13.9.44    10    546    9    (384, 52)        0
13.9.44    10    546    10    (198, 43)        0
13.9.44    10    546    11    (70, 57)        0
13.9.44    10    546    12    (48, 211)        0
